# enemy_color: "red"
enemy_color: "blue"

#####-----神经网络参数-----#####
yolo_name: yolov5
classify_model: assets/tiny_resnet.onnx
yolo11_model_path: assets/yolo11.xml
yolov8_model_path: assets/yolov8.xml
yolov5_model_path: assets/yolov5.xml
device: GPU
min_confidence: 0.8
use_traditional: false

#####-----ROI-----#####
roi: 
  x: 500
  y: 400
  width: 500
  height: 500

use_roi: false

#####-----传统方法参数-----#####
threshold: 150
max_angle_error: 45 # degree
min_lightbar_ratio: 1.5
max_lightbar_ratio: 20
min_lightbar_length: 8
min_armor_ratio: 1
max_armor_ratio: 5
max_side_ratio: 1.5
max_rectangular_error: 25 # degree
min_confidence: 0.8

#####-----tracker参数-----#####
min_detect_count: 5
max_temp_lost_count: 15
outpost_max_temp_lost_count: 75

#####-----aimer参数-----#####
yaw_offset: 1.5 # degree
pitch_offset: -0.5 # degree
comming_angle: 60 # degree
leaving_angle: 20 # degree
decision_speed: 7 # rad/s
high_speed_delay_time: 0.050 # s
low_speed_delay_time: 0.015 # s

#####-----shooter参数-----#####
first_tolerance: 100 # 近距离射击容差，degree
second_tolerance: 100 # 远距离射击容差，degree
judge_distance: 2 #距离判断阈值
auto_fire: true # 是否由自瞄控制射击

camera_name: "hikrobot"
exposure_ms: 2
gain: 16
vid_pid: "2bdf:0001"

R_gimbal2imubody: [1, 0, 0, 0, 1, 0,  0, 0, 1]

# 重投影误差: 0.1488px
camera_matrix: [1775.1300101814929, 0, 710.22041588791421, 0, 1777.9427175568535, 599.38373307949621, 0, 0, 1]
distort_coeffs: [-0.081907189655237952, 0.14019999270205855, -0.0012264127665053185, 0.0014292255962000792, 0]

# 相机同理想情况的偏角: yaw1.81 pitch0.16 roll-0.00 degree
R_camera2gimbal: [0.0050970863571591085, 0.11539342213021303, 0.99330678938570949, -0.99635681567441381, -0.083976353524905401, 0.014868352558453202, 0.08512999218730144, -0.98976377493710022, 0.11454498789755663]
t_camera2gimbal: [0.0026532246314774507, 0.0089377961112322244, 0.0868272510885221]


#####-----cboard参数-----#####
cboard_com_port: "/dev/cboard"
cboard_baud_rate: 115200

#####-----gimbal参数-----#####
com_port: "/dev/gimbal"

#####-----buff_detector参数-----#####
model: "assets/yolo11_buff_int8.xml"

#####-----buff_aimer参数-----#####
fire_gap_time: 0.520   # s
predict_time: 0.100     # s
