# enemy_color: "red"
enemy_color: "blue"


#####-----神经网络参数-----#####
yolo_name: yolov5
classify_model: assets/tiny_resnet.onnx
yolo11_model_path: assets/yolo11.xml
yolov8_model_path: assets/yolov8.xml
yolov5_model_path: assets/yolov5.xml
device: GPU
min_confidence: 0.8
use_traditional: true

#####-----ROI-----#####
roi: 
  x: 420
  y: 50
  width: 600
  height: 600

use_roi: false

#####-----USB相机参数-----#####
image_width: 1280
image_height: 720
fov_h: 57.7 #87.7
fov_v: 56.7 
new_fov_h: 27 #67
new_fov_v: 40.9
usb_frame_rate: 120
usb_exposure: 500 #1-80000______250
usb_gamma: 160
usb_gain: 10 #0-96

#####-----工业相机参数-----#####
camera_name: "hikrobot"
exposure_ms: 0.8
gain: 16.9
vid_pid: "2bdf:0001"

#####-----传统方法参数-----#####
threshold: 150
max_angle_error: 45 # degree
min_lightbar_ratio: 1.5
max_lightbar_ratio: 20
min_lightbar_length: 8
min_armor_ratio: 1
max_armor_ratio: 5
max_side_ratio: 1.5
max_rectangular_error: 25 # degree
min_confidence: 0.8

#####-----cboard参数-----#####
cboard_com_port: "/dev/cboard"
cboard_baud_rate: 115200

#####-----tracker参数-----#####
min_detect_count: 5
max_temp_lost_count: 25
outpost_max_temp_lost_count: 75

#####-----aimer参数-----#####
yaw_offset: -0.8 # degree -2.5
pitch_offset: -1  # degree 2
comming_angle: 60 # degree
leaving_angle: 20 # degree
left_yaw_offset: -1
right_yaw_offset: -0.6
decision_speed: 10 # rad/s
high_speed_delay_time: 0.026 # s
low_speed_delay_time: 0.010 # s

#####-----shooter参数-----#####
first_tolerance: 5 # 近距离射击容差，degree
second_tolerance: 2 # 远距离射击容差，degree
judge_distance: 3 #距离判断阈值
auto_fire: true # 是否由自瞄控制射击

#####-----decider参数-----#####
mode: 1

#####-----工业相机标定参数-----#####
R_gimbal2imubody: [1, 0, 0, 0, 1, 0, 0, 0, 1]

# 重投影误差: 0.1833px
camera_matrix: [2414.9359264386621, 0, 717.26243105567414, 0, 2418.0489262208148, 582.68540529942845, 0, 0, 1]
distort_coeffs: [-0.0209453389287673, 0.15028138841073832, -0.0006517722113234505, -0.0016861906197686788, 0]

# 相机同理想情况的偏角: yaw-1.11 pitch0.01 roll-0.06 degree
# 标定板到世界坐标系原点的水平距离: 1.20 m
# 标定板同竖直摆放时的偏角: yaw123.89 pitch14.05 roll-0.86 degree
R_camera2gimbal: [0.0050970863571591085, 0.11539342213021303, 0.99330678938570949, -0.99635681567441381, -0.083976353524905401, 0.014868352558453202, 0.08512999218730144, -0.98976377493710022, 0.11454498789755663]
t_camera2gimbal: [0.0026532246314774507, 0.0089377961112322244, 0.0868272510885221]
